Ciapa
1 
20 
20 
10 
15 
10 
15 
4 
0 
624 
0 
0 
220 
0 
221 
0 
210 
0 
206 
0 
0 
0 
0 
0 
0 
0 
0 
51 
50 
0 
0 
0 
0 
0 
22 
0 
0 
0 
0 
0 
0 
0 
0 
2 
0 
1 
0 
0 
0 
7 
0 
0 
36 
13 
832 
0 
1 
0 
0 
1 
0 
0 
1 
4 
1 
2 
0 
0 
0 
0 
0 
0 
4 
0 
5 
0 
-1 
0 
0 
0 
0 
2 
2 
2 
2 
1 
1 
1 
5 
26 
0 
1 
2 
-1 
0 
0 
0 
1 
0 
4 
0 
1 
0 
0 
24 
1 
24 
0 
8 
0 
2 
1 
1 
0 
0 
1 
0 
4 
2 
2 
1 
0 
3 
0 
1 
0 
0 
1 
4 
1 
0 
1 
2 
1 
1 
1 
1 
3 
1 
0 
1 
1 
0 
1 
1 
0 
0 
0 
0 
0 
0 
0 
0 
0 
0 
0 
0 
0 
0 
1 
0 
0 
1 
1 
1 
1 
1 
1 
0 
0 
1 
0 
0 
1 
0 
1 
0 
1 
1 
1 
0 
0 
1 
1 
1 
0 
0 
0 
0 
0 
0 
0 
0 
0 
0 
0 
0 
0 
0 
0 
0 
0 
0 
0 
0 
0 
0 
0 
0 
0 
0 
0 
0 
0 
0 
0 
0 
0 
0 
0 
0 
0 
0 
0 
0 
0 
0 
0 
0 
205 
0 
0 
0 
0 
0 
0 
0 
0 
0 
0 
0 
0 
0 
0 
0 
0 
0 
0 
0 
0 
0 
0 
0 
0 
0 
0 
0 
0 
0 
0 
0 
0 
0 
0 
0 
0 
0 
0 
0 
0 
0 
0 
0 
0 
0 
0 
0 
0 
0 
1 
0 
0 
0 
1 
0 
0 
0 
0 
0 
1 
0 
0 
1 
0 
2 
1 
1 
0 
1 
1 
0 
0 
0 
0 
2 
1 
1 
0 
0 
2 
0 
0 
1 
0 
0 
0 
0 
1 
1 
0 
0 
0 
0 
0 
0 
0 
0 
0 
0 
16 
26 
28 
33 
3 
25 
46 
0 
0 
0 
0 
0 
21 
21 
21 
21 
21 
21 
21 
21 
21 
0 
0 
0 
0 
0 
0 
0 
0 
0 
0 
0 
0 
0 
0 
0 
0 
0 
0 
0 
0 
0 
0 
0 
0 
0 
0 
0 
0 
0 
0 
1500 
1 
20 
2 
2 
1 
5 
5 
0 
0 
0 
0 
0 
0 
0 
0 
0 
0 
26 
3 
1 
0 
1 
1 
1 
0 
1 
150 
5 
35 
1 
10 
0 
0 
2 
1 
0 
0 
5 
0 
1 
0 
0 
0 
5 
6 
0 
5 
1 
1 
0 
0 
0 
0 
3 
2 
3 
4 
1 
0 
0 
0 
2 
1 
1 
1 
1 
1 
0 
0 
0 
0 
0 
0 
0 
1 
0 
0 
0 
0 
1 
1 
0 
1 
2 
3 
2 
0 
0 
21 
0 
0 
0 
0 
0 
0 
0 
0 
0 
17 
0 
1 
1 
1 
2 
1 
1 
1 
3 
14 
1 
0 
0 
0 
1 
0 
0 
0 
0 
0 
0 
0 
0 
0 
0 
0 
0 
0 
0 
0 
0 
0 
0 
0 
0 
0 
0 
0 
0 
0 
0 
1 
0 
0 
0 
5 
0 
0 
0 
0 
0 
0 
0 
0 
0 
0 
0 
0 
0 
0 
0 
208 
1 
1 
1 
337 
319 
1.23941e+06 