Ciapa
1 
20 
20 
10 
7 
10 
10 
4 
0 
190 
0 
26 
206 
34 
210 
36 
220 
0 
221 
0 
0 
0 
0 
0 
0 
0 
0 
25 
24 
0 
0 
0 
0 
0 
22 
0 
0 
0 
0 
1 
0 
0 
0 
2 
0 
0 
0 
0 
0 
8 
0 
0 
29 
12 
648 
0 
1 
0 
0 
1 
0 
0 
1 
4 
1 
2 
0 
0 
0 
0 
0 
0 
4 
0 
5 
0 
-1 
0 
0 
0 
0 
2 
2 
2 
2 
1 
1 
1 
0 
26 
0 
1 
2 
-1 
0 
0 
0 
1 
0 
4 
0 
1 
0 
0 
24 
1 
24 
0 
8 
0 
2 
1 
1 
0 
0 
1 
0 
4 
2 
2 
1 
0 
3 
0 
1 
0 
0 
1 
4 
1 
0 
1 
2 
1 
1 
1 
1 
3 
1 
0 
0 
0 
0 
0 
0 
0 
0 
0 
0 
0 
0 
0 
0 
0 
0 
0 
0 
0 
0 
1 
0 
0 
1 
1 
1 
1 
1 
1 
0 
0 
1 
0 
0 
1 
0 
1 
0 
1 
1 
0 
0 
0 
0 
0 
0 
0 
0 
0 
0 
0 
0 
0 
0 
0 
0 
0 
0 
0 
0 
0 
0 
0 
0 
0 
0 
0 
0 
0 
0 
0 
0 
0 
0 
0 
0 
0 
0 
0 
0 
0 
0 
0 
0 
0 
0 
0 
0 
0 
0 
205 
0 
0 
0 
0 
0 
0 
0 
0 
0 
0 
0 
0 
0 
0 
0 
0 
0 
0 
0 
0 
0 
0 
0 
0 
0 
0 
0 
0 
0 
0 
0 
0 
0 
0 
0 
0 
0 
0 
0 
0 
0 
0 
0 
0 
0 
0 
0 
0 
0 
0 
0 
0 
0 
1 
0 
0 
0 
0 
0 
1 
0 
0 
0 
0 
0 
0 
0 
0 
1 
1 
0 
0 
0 
0 
2 
0 
1 
0 
0 
0 
0 
0 
1 
0 
0 
0 
0 
0 
0 
0 
0 
0 
0 
0 
0 
0 
0 
0 
0 
4 
11 
13 
16 
3 
0 
0 
0 
0 
0 
999 
0 
0 
0 
0 
0 
0 
0 
0 
0 
0 
0 
0 
0 
0 
0 
0 
0 
0 
0 
0 
0 
0 
0 
0 
0 
0 
0 
0 
0 
0 
0 
0 
0 
0 
0 
0 
0 
0 
0 
0 
1500 
1 
20 
2 
2 
1 
5 
5 
0 
0 
0 
0 
0 
0 
0 
0 
0 
0 
13 
2 
1 
0 
1 
1 
1 
0 
1 
0 
0 
0 
0 
0 
0 
0 
0 
1 
0 
0 
0 
0 
1 
0 
0 
0 
0 
0 
0 
0 
0 
0 
0 
0 
0 
0 
0 
0 
0 
2 
0 
0 
0 
0 
0 
0 
0 
0 
0 
0 
0 
0 
0 
0 
0 
0 
0 
0 
0 
0 
0 
0 
0 
0 
0 
0 
0 
0 
0 
0 
0 
21 
0 
0 
0 
0 
0 
0 
0 
0 
0 
0 
0 
0 
0 
0 
0 
0 
0 
1 
3 
2 
1 
0 
0 
0 
0 
0 
0 
0 
0 
0 
0 
0 
0 
0 
0 
0 
0 
0 
0 
0 
0 
0 
0 
0 
0 
0 
0 
0 
0 
0 
0 
0 
0 
0 
0 
5 
0 
0 
0 
0 
0 
0 
0 
0 
0 
0 
0 
0 
0 
0 
0 
135 
1 
1 
1 
325 
155 
688635 