Rose
1 
20 
20 
10 
12 
10 
20 
4 
0 
2169 
0 
11 
220 
16 
221 
23 
210 
61 
206 
62 
0 
3 
0 
50 
0 
58 
0 
45 
64 
0 
0 
0 
0 
0 
88 
0 
0 
1 
7 
1 
0 
0 
0 
3 
0 
0 
0 
0 
0 
0 
0 
2 
652 
9 
7929 
0 
1 
0 
0 
1 
1 
1 
1 
1 
1 
2 
2 
0 
0 
7 
0 
1 
35 
11 
5 
0 
-1 
0 
0 
1 
3 
0 
0 
0 
2 
1 
1 
1 
162 
401 
0 
2 
0 
-1 
1 
1 
0 
1 
0 
4 
0 
2 
0 
1 
24 
0 
24 
0 
8 
14 
2 
1 
1 
0 
0 
1 
0 
4 
2 
3 
1 
0 
3 
0 
1 
3 
0 
1 
10 
1 
0 
1 
2 
1 
1 
1 
1 
1 
1 
1 
1 
1 
1 
1 
1 
0 
0 
0 
0 
0 
0 
0 
0 
0 
0 
0 
0 
0 
0 
1 
1 
1 
1 
1 
1 
1 
1 
1 
1 
1 
1 
1 
1 
1 
1 
1 
1 
1 
1 
1 
1 
1 
1 
1 
1 
1 
0 
0 
0 
0 
0 
0 
0 
0 
0 
0 
0 
0 
0 
0 
0 
0 
0 
0 
0 
0 
0 
0 
0 
0 
0 
0 
0 
0 
0 
0 
0 
0 
0 
0 
0 
0 
0 
0 
0 
0 
0 
0 
0 
205 
0 
0 
0 
0 
0 
0 
0 
0 
0 
0 
0 
0 
0 
0 
0 
0 
0 
0 
0 
0 
0 
0 
0 
0 
0 
0 
0 
0 
0 
0 
0 
0 
0 
0 
0 
0 
0 
0 
0 
0 
0 
0 
0 
0 
0 
0 
0 
0 
0 
1 
0 
0 
0 
1 
0 
0 
0 
0 
0 
1 
0 
1 
1 
1 
0 
0 
2 
0 
1 
1 
0 
0 
0 
0 
2 
1 
0 
1 
1 
2 
0 
1 
1 
1 
1 
0 
0 
0 
1 
0 
0 
0 
0 
0 
0 
0 
0 
0 
0 
13 
25 
47 
49 
51 
12 
24 
46 
48 
0 
0 
0 
1 
4 
7 
10 
17 
36 
38 
39 
29 
0 
0 
0 
0 
0 
0 
0 
0 
0 
0 
0 
0 
0 
0 
0 
0 
0 
0 
0 
0 
0 
0 
0 
0 
0 
0 
0 
0 
0 
0 
1500 
1 
20 
2 
2 
1 
25 
216 
0 
0 
0 
0 
0 
0 
0 
0 
0 
0 
26 
2 
1 
0 
1 
1 
1 
0 
0 
180 
6 
36 
1 
5 
0 
0 
2 
1 
1 
0 
5 
0 
2 
0 
0 
0 
6 
6 
0 
0 
1 
1 
1 
0 
0 
0 
3 
2 
3 
34 
1 
0 
0 
0 
2 
1 
1 
1 
1 
1 
1 
1 
3 
0 
0 
2 
0 
7 
0 
0 
0 
0 
1 
1 
1 
1 
2 
3 
9 
0 
0 
24 
0 
1 
1 
1 
1 
0 
0 
0 
0 
17 
0 
1 
1 
1 
2 
1 
1 
1 
3 
36 
1 
0 
0 
0 
1 
0 
0 
0 
0 
1 
0 
0 
0 
0 
0 
0 
0 
0 
1 
0 
3 
3 
3 
3 
1 
14 
0 
1 
1 
1 
1 
0 
12 
3 
1 
6 
3 
0 
0 
0 
0 
0 
0 
0 
0 
0 
0 
0 
0 
0 
0 
208 
1 
1 
1 
305 
236 
2.30516e+06 